Chara
1 
20 
20 
10 
0 
10 
11 
4 
0 
353 
0 
17 
221 
19 
210 
19 
220 
38 
206 
38 
0 
38 
0 
38 
0 
38 
0 
3 
46 
0 
0 
0 
0 
0 
78 
0 
0 
0 
0 
1 
0 
0 
0 
0 
0 
0 
0 
0 
0 
8 
0 
0 
75 
10 
135 
0 
1 
0 
0 
1 
1 
1 
1 
4 
1 
2 
0 
0 
0 
1 
0 
0 
5 
1 
5 
1 
-1 
0 
0 
1 
3 
0 
0 
0 
0 
1 
1 
0 
21 
51 
0 
1 
14 
-1 
1 
1 
0 
1 
0 
4 
0 
2 
0 
0 
24 
0 
24 
0 
8 
0 
0 
1 
1 
0 
0 
1 
0 
4 
2 
2 
1 
0 
3 
0 
1 
0 
0 
1 
4 
1 
0 
0 
2 
1 
1 
1 
1 
3 
1 
0 
1 
0 
0 
0 
0 
0 
0 
0 
0 
0 
0 
0 
0 
0 
0 
0 
0 
0 
0 
1 
0 
1 
1 
1 
1 
1 
0 
1 
1 
1 
0 
1 
1 
1 
1 
1 
1 
1 
1 
1 
0 
0 
0 
0 
0 
0 
0 
0 
0 
0 
0 
0 
0 
0 
0 
0 
0 
0 
0 
0 
0 
0 
0 
0 
0 
0 
0 
0 
0 
0 
0 
0 
0 
0 
0 
0 
0 
0 
0 
0 
0 
0 
0 
0 
0 
0 
0 
0 
0 
205 
0 
0 
0 
0 
0 
0 
0 
0 
0 
0 
0 
0 
0 
0 
0 
0 
0 
0 
0 
0 
0 
0 
0 
0 
0 
0 
0 
0 
0 
0 
0 
0 
0 
0 
0 
0 
0 
0 
0 
0 
0 
0 
0 
0 
0 
0 
0 
0 
0 
0 
0 
0 
0 
1 
0 
0 
0 
0 
0 
1 
0 
0 
0 
0 
6 
0 
0 
0 
1 
1 
0 
0 
0 
0 
2 
0 
0 
0 
0 
0 
0 
0 
1 
0 
0 
0 
0 
0 
0 
0 
0 
0 
0 
0 
0 
0 
0 
0 
0 
11 
16 
19 
19 
19 
23 
35 
35 
34 
36 
999 
0 
28 
19 
19 
28 
28 
28 
39 
24 
0 
0 
0 
0 
0 
0 
0 
0 
0 
0 
0 
0 
0 
0 
0 
0 
0 
0 
0 
0 
0 
0 
0 
0 
0 
0 
0 
0 
0 
0 
0 
1500 
1 
2 
2 
0 
1 
5 
3 
0 
0 
0 
0 
0 
0 
0 
0 
0 
0 
21 
2 
1 
1 
1 
1 
1 
0 
0 
180 
6 
1 
0 
0 
0 
0 
0 
1 
0 
0 
5 
0 
2 
0 
0 
0 
0 
0 
0 
2 
0 
0 
0 
0 
0 
0 
0 
0 
0 
4 
1 
0 
0 
0 
0 
0 
0 
0 
0 
0 
0 
0 
0 
0 
0 
0 
0 
0 
0 
0 
0 
0 
0 
0 
0 
0 
0 
0 
0 
0 
0 
3 
0 
0 
0 
0 
0 
0 
0 
0 
0 
0 
0 
0 
0 
0 
0 
0 
0 
1 
3 
3 
0 
0 
0 
0 
1 
0 
0 
0 
0 
0 
0 
0 
0 
0 
0 
0 
0 
0 
0 
0 
0 
0 
0 
0 
0 
0 
0 
0 
0 
0 
0 
0 
0 
0 
0 
5 
0 
0 
0 
0 
0 
0 
0 
0 
0 
0 
0 
0 
0 
0 
0 
143 
1 
1 
1 
304 
164 
612328 